# R script for Peak Model
#  -- generated by MACS
p <- c(0.0197409987824,0.0229043636989,0.0263995101075,0.0297630879933,0.0330122584681,0.0332124714375,0.0335213714474,0.0344366307361,0.0340362047973,0.0339332381273,0.0337330251579,0.0336815418229,0.0336529399701,0.0337158640462,0.0338588733101,0.0335728547824,0.0334355658891,0.0329722158742,0.0333840825541,0.0337273047873,0.0337501862696,0.0341277307261,0.0339904418328,0.0337673473812,0.0335957362646,0.033475608483,0.0334927695946,0.0334984899652,0.0333039973663,0.0329607751331,0.0330408603208,0.0328406473515,0.0327262399404,0.0325660695649,0.0325374677121,0.032743401052,0.0323830177071,0.0320626769561,0.0320455158444,0.0320798380678,0.0319711510272,0.0320798380678,0.0321256010322,0.0322743306666,0.0320169139917,0.03179381954,0.0321828047377,0.031948269545,0.0319082269511,0.0317537769462,0.0321256010322,0.0319025065806,0.0316222084234,0.0318281417634,0.0318681843572,0.0318167010223,0.0314277158246,0.0317308954639,0.0315535639768,0.0311073750735,0.030626863947,0.0304094898659,0.0307126695053,0.0303580065309,0.0307069491348,0.0304781343126,0.0306897880231,0.030626863947,0.0303465657898,0.0306039824648,0.0304380917187,0.0303866083837,0.0299404194805,0.0301406324499,0.0296086379884,0.0300948694855,0.0299575805922,0.0296486805822,0.0296944435467,0.0296029176178,0.0296715620644,0.0298031305872,0.0296029176178,0.029253975014,0.0295571546534,0.0293855435367,0.0292482546434,0.0295056713184,0.0295914768767,0.0297974102166,0.02952283243,0.0297974102166,0.030049106521,0.0301349120793,0.029780249105,0.0293912639073,0.029356941684,0.0292654157551,0.0293283398312,0.0288421083341,0.0290079990802,0.0288878712985,0.0292425342729,0.0292082120496,0.0294370268717,0.0295399935417,0.0293626620545,0.0292768564962,0.0290880842679,0.029305458349,0.0295628750239,0.029574315765,0.029305458349,0.029253975014,0.0291052453796,0.0288592694458,0.0293626620545,0.0294027046484,0.0295800361356,0.0296257991,0.0293969842778,0.0290366009329,0.0293741027956,0.029574315765,0.0297630879933,0.0299861824449,0.0298717750338,0.0299633009627,0.0297573676228,0.0299346991099,0.0301577935616,0.0304552528304,0.0303179639371,0.0301177509677,0.0298374528105,0.0300948694855,0.0300891491149,0.0296486805822,0.029780249105,0.0297859694755,0.0299575805922,0.0299346991099,0.0299747417038,0.0301406324499,0.0306383046881,0.0305811009826,0.0306039824648,0.0311989010024,0.0314334361951,0.0314505973068,0.0312732658196,0.0313533510074,0.0312389435963,0.0311359769263,0.0312332232257,0.0311245361852,0.0313647917485,0.031319028784,0.0313933936013,0.0313991139718,0.0315020806418,0.0315993269412,0.0318224213928,0.0322056862199,0.0321427621438,0.0323544158544,0.032371576966,0.0324058991893,0.0325374677121,0.0327548417931,0.0328349269809,0.0326118325293,0.0324917047477,0.0325489084532,0.0326747566054,0.0326861973465,0.0329150121687,0.0331781492141,0.0330236992092,0.0327720029048,0.0326518751232,0.0329893769859,0.0332067510669,0.0329836566153,0.0328635288337,0.0330580214325,0.0324001788188,0.0324917047477,0.0329207325392,0.0334813288535,0.0337101436757,0.0334184047774,0.0334698881124,0.0335156510768,0.0335099307063,0.0335156510768,0.0339275177567,0.0338245510868,0.0338131103457,0.0333039973663,0.0331438269908,0.033269675143,0.0332410732902,0.0331895899553,0.0334298455185,0.0337273047873,0.0339561196095,0.0343565455483,0.0341048492439,0.0346139622232,0.0347112085227,0.0348370566749,0.0345968011116,0.0347798529693,0.0350601511265,0.035014388162,0.0352660844664,0.0350887529792,0.0354434159536,0.0355807048469,0.0356779511463,0.0360268937501,0.0364730826533,0.0367419400694,0.0366675752522,0.0366218122878,0.0364444808006,0.0360497752323,0.0357866381868,0.035592145588,0.0358209604102,0.0357866381868,0.0358781641157,0.0361756233845,0.0358781641157,0.0360383344912,0.0360840974557,0.0366275326583,0.0367190585872,0.036810584516,0.0366275326583,0.0365588882117,0.0363643956128,0.0365016845061,0.0367591011811,0.0367591011811,0.0370908826732,0.0369993567443,0.0373139771248,0.0376171567642,0.0378345308452,0.0383722456773,0.0384580512356,0.0382463975251,0.0386639845756,0.0388870790272,0.0386868660578,0.0386639845756,0.0386754253167,0.0383550845657,0.0385667382762,0.0386468234639,0.0389099605094,0.0390586901438,0.0390529697733,0.0391730975549,0.0391444957021,0.0394476753415,0.0395735234937,0.040134119808,0.0403457735185,0.0396192864581,0.0397908975748,0.0398080586864,0.0399224660975,0.0399968309147,0.040134119808,0.0403572142596,0.0407519198279,0.0408834883506,0.0406775550107,0.0414440846649,0.0416328568932,0.0417072217104,0.0416671791165,0.0421133680198,0.0426339217402,0.042776931004,0.0426510828518,0.0433260865772,0.0438580810388,0.043777995851,0.0438638014093,0.0443328717948,0.0443900755003,0.0443328717948,0.0445845680992,0.0450536384846,0.0450364773729,0.0447447384747,0.045253851454,0.0458430496211,0.0462663570421,0.0465294940876,0.0471415737369,0.0474161515235,0.0472674218891,0.046947081138,0.0477136107923,0.0477078904217,0.047576321899,0.0476163644929,0.0478737811678,0.0483256904416,0.0484858608171,0.0487032348982,0.0489835330553,0.0494926460346,0.0498072664151,0.0501962516128,0.0504708293994,0.0509971034904,0.0511115109015,0.0508197720032,0.0510085442315,0.0513746479469,0.0516778275863,0.0519867275962,0.0522327035301,0.0527704183622,0.0531994461537,0.0534797443109,0.0538916109908,0.054658140645,0.0551100499188,0.0550013628783,0.0556134425276,0.0559223425375,0.0562770055119,0.0567861184912,0.0572094259122,0.0573638759172,0.0576384537038,0.057930192602,0.0583077370586,0.0595490574688,0.0600124074837,0.0606874112091,0.0610706760363,0.0610821167774,0.0617971630966,0.0625122094159,0.0632844594407,0.0637649705673,0.0646973909676,0.0648003576376,0.0653838354341,0.0660531187889,0.0666022743621,0.0675118132802,0.0678950781074,0.0685014373861,0.068758854061,0.0694452985275,0.0698285633547,0.0708010263489,0.071132807841,0.0714645893332,0.0722768819519,0.0728603597484,0.0732264634639,0.0739758320064,0.0748853709246,0.0756004172438,0.0761152505937,0.0766930080197,0.0782203469576,0.0792442932868,0.0800909081288,0.0810633711231,0.0823561748683,0.0828652878476,0.0836375378724,0.0845127545672,0.0853536490387,0.0865206046317,0.0868180639005,0.0876932805953,0.0882138343158,0.0891519750866,0.0899985899287,0.0904962621669,0.0917947862827,0.0926871640891,0.09372827153,0.094203062286,0.0952498900974,0.0961594290155,0.0968573142231,0.0977782938823,0.0990253346631,0.100838692129,0.101216236585,0.102005647722,0.102978110716,0.104202270015,0.105071766339,0.106244442302,0.107314151596,0.107806103464,0.108681320159,0.109379205366,0.111055273939,0.112576892506,0.11385825551,0.115002329621,0.116306574107,0.117095985244,0.118772053816,0.120127781637,0.121609357611,0.122764872463,0.124458102147,0.125802389227,0.127318287424,0.127981850408,0.130018302326,0.132346493141,0.134474470987,0.136533804387,0.137637835904,0.140109035983,0.141367517505,0.142751847179,0.144776858355,0.147373906587,0.148449336251,0.150068201118,0.151458251163,0.153729238273,0.15587437723,0.157424597651,0.159809992172,0.161726316307,0.163104925611,0.164500696026,0.16712062574,0.169111314693,0.170386957326,0.171319377727,0.173024048152,0.174677235242,0.176073005657,0.178109457574,0.180260316903,0.183011815139,0.185179835579,0.186655691182,0.189927743139,0.192856572863,0.194881584039,0.197856176727,0.20015004532,0.203027391708,0.205653041793,0.207363432588,0.209897556744,0.212345875341,0.214599701339,0.216390177323,0.21894146259,0.221029397842,0.224055473865,0.225571372062,0.228723296238,0.2320525519,0.234460827904,0.237269529846,0.239386066951,0.242389261492,0.24547254122,0.248063869081,0.249877226547,0.253372372956,0.256249719344,0.259127065733,0.26198153064,0.264996165922,0.267364399331,0.26993856608,0.27313053285,0.277323564466,0.280109384926,0.284067881349,0.285949883262,0.289610920416,0.292677039033,0.296435322487,0.300348055946,0.304781343126,0.308064835824,0.30967798032,0.314351523063,0.316216363864,0.319602823232,0.321358976992,