# R script for Peak Model
#  -- generated by MACS
p <- c(0.0141103635137,0.0168885698013,0.0186432264041,0.0212752113082,0.0235416427534,0.0233954213698,0.0239071962123,0.0238340855205,0.0237609748287,0.0231029786027,0.0236878641369,0.0228105358356,0.0236147534452,0.0232491999863,0.022664314452,0.0227374251438,0.0218600968424,0.0215676540753,0.0223718716849,0.0214945433835,0.020324772315,0.0204709936986,0.0200323295479,0.0204709936986,0.0214945433835,0.0212021006164,0.0215676540753,0.0214945433835,0.0221525396095,0.0236147534452,0.0239071962123,0.0248576352054,0.0244920817465,0.0233954213698,0.0231760892945,0.0240534175958,0.0235416427534,0.0236147534452,0.023322310678,0.0225180930684,0.0220794289178,0.021348322,0.0232491999863,0.0242727496712,0.0239071962123,0.0235416427534,0.0246383031301,0.0241996389794,0.0240534175958,0.0235416427534,0.0249307458972,0.0250769672808,0.0236147534452,0.0230298679109,0.0240534175958,0.0238340855205,0.0229567572191,0.0234685320616,0.0231760892945,0.0241996389794,0.0230298679109,0.0236878641369,0.0234685320616,0.0232491999863,0.0223718716849,0.022664314452,0.022664314452,0.0217138754589,0.0218600968424,0.0214214326917,0.0227374251438,0.0217869861506,0.0224449823767,0.0220794289178,0.0222256503013,0.0220794289178,0.0232491999863,0.0236878641369,0.0233954213698,0.0235416427534,0.0224449823767,0.0228836465274,0.023322310678,0.0245651924383,0.0244920817465,0.0236147534452,0.0229567572191,0.0240534175958,0.0240534175958,0.0231029786027,0.0227374251438,0.0218600968424,0.0208365471575,0.0207634364657,0.0208365471575,0.0219332075342,0.0211289899246,0.0200323295479,0.019666776089,0.019666776089,0.0206172150822,0.0207634364657,0.0208365471575,0.0204709936986,0.0198129974726,0.0198861081643,0.0205441043904,0.0216407647671,0.0224449823767,0.0228836465274,0.022664314452,0.0238340855205,0.0234685320616,0.0228836465274,0.0228836465274,0.0227374251438,0.022664314452,0.0216407647671,0.0204709936986,0.0215676540753,0.0215676540753,0.0214214326917,0.0227374251438,0.0236878641369,0.0237609748287,0.0232491999863,0.0235416427534,0.023322310678,0.0239071962123,0.0232491999863,0.0228105358356,0.0225912037602,0.0215676540753,0.0211289899246,0.0217138754589,0.022006318226,0.0218600968424,0.0232491999863,0.0239071962123,0.0236147534452,0.0241265282876,0.0241996389794,0.0244920817465,0.0263929597328,0.026319849041,0.0266854024999,0.0271240666506,0.0258811848904,0.0253694100479,0.0264660704246,0.0263929597328,0.025661852815,0.0255156314315,0.0238340855205,0.0259542955821,0.025661852815,0.0244920817465,0.0242727496712,0.0248576352054,0.0236878641369,0.0241996389794,0.0245651924383,0.0248576352054,0.0258080741986,0.0234685320616,0.0241996389794,0.0249307458972,0.026319849041,0.0263929597328,0.0267585131917,0.027343398726,0.0279282842602,0.0282207270273,0.0274165094178,0.0274165094178,0.0272702880342,0.028001394952,0.0277820628767,0.028659391178,0.0297560515547,0.0291711660205,0.0291711660205,0.028001394952,0.0289518339451,0.0298291622465,0.0295367194794,0.0293904980958,0.028659391178,0.0271240666506,0.0266122918082,0.0268316238835,0.0266854024999,0.0269778452671,0.026319849041,0.0261005169657,0.0267585131917,0.0271971773424,0.0268316238835,0.0271971773424,0.0276358414931,0.0261005169657,0.0259542955821,0.0270509559589,0.0269047345753,0.0263929597328,0.0253694100479,0.0249307458972,0.0258080741986,0.0258080741986,0.0247845245136,0.0261005169657,0.026319849041,0.0262467383493,0.0261005169657,0.0270509559589,0.0268316238835,0.0263929597328,0.0274165094178,0.0259542955821,0.0261005169657,0.0254425207397,0.0255887421232,0.0255887421232,0.0259542955821,0.0251500779726,0.0258811848904,0.0257349635068,0.0244189710547,0.0259542955821,0.0258080741986,0.0252231886643,0.0254425207397,0.0253694100479,0.0252962993561,0.0255887421232,0.0253694100479,0.0264660704246,0.0267585131917,0.026319849041,0.0262467383493,0.0267585131917,0.025661852815,0.0259542955821,0.0258811848904,0.0264660704246,0.0274896201095,0.0262467383493,0.0266122918082,0.0279282842602,0.0287325018698,0.0301216050136,0.030998933315,0.0315107081575,0.0324611471506,0.0315838188493,0.0307796012397,0.0309258226232,0.0300484943219,0.0291711660205,0.0283669484109,0.0274896201095,0.0270509559589,0.0271240666506,0.0266854024999,0.0285862804862,0.0284400591027,0.028659391178,0.0304140477808,0.0296098301712,0.0307796012397,0.0311451546986,0.0313644867739,0.0304140477808,0.0302678263972,0.0282207270273,0.0277089521849,0.0288056125616,0.0287325018698,0.0302678263972,0.0298291622465,0.0302678263972,0.0304140477808,0.0306333798561,0.0293904980958,0.0306333798561,0.031656929541,0.0315838188493,0.030340937089,0.0304871584725,0.031656929541,0.0313644867739,0.0318031509246,0.0318762616164,0.0331191433766,0.0339233609862,0.0352393534383,0.0342158037534,0.0345082465205,0.0349469106712,0.0342158037534,0.036336013815,0.0372864528081,0.0373595634999,0.0373595634999,0.0367746779657,0.0359704603561,0.0368477886575,0.037652006267,0.0371402314246,0.0365553458903,0.0350931320547,0.033996471678,0.0348006892876,0.0354586855136,0.0348737999794,0.0353855748218,0.0364822351986,0.0369208993492,0.036336013815,0.0375788955753,0.0372864528081,0.0375057848835,0.0378713383424,0.0396259949451,0.039333552178,0.0383831131849,0.0371402314246,0.0364822351986,0.0392604414862,0.0396991056369,0.039333552178,0.0407226553218,0.0405033232465,0.038675555952,0.0398453270205,0.0405764339383,0.0421848691575,0.042989086767,0.0422579798492,0.0418924263903,0.0435008616095,0.0443781899109,0.0451092968287,0.0471563961985,0.0481068351917,0.0497152704109,0.0511774842465,0.0524934766985,0.0532245836163,0.0549061295273,0.05666078613,0.0577574465067,0.0590734389588,0.0587078854999,0.0605356527944,0.0627289735478,0.0618516452465,0.0630214163149,0.0637525232328,0.0644836301506,0.0633869697738,0.0652878477601,0.0659458439862,0.0688702716574,0.067992943356,0.0685047181985,0.0704055961848,0.0724526955547,0.0744997949245,0.0755964553012,0.0784477722807,0.0782284402053,0.0783746615889,0.0777166653629,0.0804948716505,0.0804948716505,0.0818108641026,0.0819570854861,0.0826881924039,0.0837848527807,0.0845159596985,0.0854663986916,0.0899261508902,0.0917539181847,0.09402034963,0.0951170100067,0.0943859030889,0.0929236892532,0.0938741282464,0.0962867810752,0.0979683269861,0.0993574301299,0.097017887993,0.0988456552875,0.0971641093765,0.098991876671,0.102062525726,0.106595388616,0.109008041445,0.10878870937,0.109446705596,0.110616476664,0.114491343329,0.116172889239,0.118877984835,0.119024206219,0.119609091753,0.119097316911,0.119316648986,0.122314187349,0.12399573326,0.125750389863,0.125311725712,0.123776401185,0.125384836404,0.130283252753,0.132769016274,0.138764093,0.139641421301,0.14205407413,0.145782719411,0.149511364691,0.152435792363,0.156603101794,0.15806531563,0.160039304308,0.163987281664,0.162817510596,0.167131041411,0.166984820027,0.167715926945,0.169397472856,0.173491671596,0.176050545808,0.180948962157,0.182411175993,0.184531386054,0.188844916869,0.191915565924,0.19666776089,0.199372856486,0.202589726924,0.206172150822,0.211363009938,0.214141216226,0.218162304274,0.220648067794,0.220867399869,0.224011159616,0.225692705527,0.227739804897,0.22993312565,0.232418889171,0.237171084137,0.239876179732,0.2401686225,0.241703947027,0.24799146652,0.252670550794,0.254205875321,0.261297612424,0.267731353301,0.269997784746,0.269778452671,0.274530647636,0.285497251404,0.293612538191,0.299022729383,0.303555592273,0.309404447616,0.313206203588,0.315180192266,0.31985927654,0.326951013643,0.32724345641,0.330240994773,0.330606548232,0.33543185389,0.335212521814,0.342523590992,0.347422007342,0.35392885891,0.355098629979,0.361605481547,0.367015672739,0.366211455129,0.369647657643,0.370524985944,0.374472963301,0.374326741917,0.376300730595,0.378420940657,0.381710921787,0.382442028705,0.388948880273,0.393116189705,0.400207926807,0.400281037499,0.405618117999,0.413002297869,0.418704931828,0.420167145664,0.429379092828,0.429817756979,0.433765734335,0.439102814835,0.441149914205,